Naive, Randomized, KMP, Boyer-Mooer, String.indexOf
571746,556092,1110273,9542438,891017
464236,365872,653922,2631894,332411
657061,529671,907266,1371599,379898
288834,219577,1157413,1209259,344498
313867,279305,1244646,1441661,419838
332536,257942,1080772,1006589,404973
358372,279926,435574,967983,369261
377853,297288,427987,596998,351595
345363,287521,411046,535659,198464
339240,269779,388042,396104,149189
397840,343210,490657,466459,191815
321910,295903,443966,2199469,194026
255866,236613,342760,353823,150971
365822,317188,472117,401094,220264
366191,330442,506531,428181,221648
361717,339368,521734,404484,216605
380513,355388,546891,406534,215317
399106,377907,585713,425273,211556
412089,395302,598085,465491,227444
430845,405993,602180,426742,218090
460776,441420,632960,439663,225938
452106,590430,710371,680269,238665
481650,456647,801362,913352,248955
572170,489951,794761,887937,250283
533598,504594,755466,473159,267789
520508,496415,791061,483524,252204
546407,540991,794374,476715,255880
555017,528524,808736,481968,282834
585377,570287,857254,567112,296290
557925,577066,867196,585056,278029
631068,590968,906180,595681,286488
659855,622473,925288,542261,313403
641218,602443,1065321,3404366,322055
676167,636287,1107938,1074156,321386
663594,628517,1108419,1102124,309355
725749,685090,1202000,3523475,337478
729423,684200,1032182,532716,303870
749597,719651,1104037,540746,315969
757482,725019,1125436,551598,314413
799557,773526,1155243,562988,320968
758587,728877,1100702,567994,319780
835464,804977,1210087,587080,331091
816192,794021,1235813,588932,343485
816995,789347,1221649,584960,352504
867863,840903,1228496,572735,362367
870120,826046,1251193,691596,367560
840560,810751,1276898,603758,356953
772512,699589,1041076,553835,187364
762106,767123,1084854,747291,25644
998608,946732,1401175,1124506,31026
1075952,1014354,1583814,1123418,32381
1037514,977452,1486020,1116068,31834
953232,909727,1409976,1043614,28951
1135027,1085955,1705557,1050543,33851
1222666,1169575,1497609,694712,32697
1229241,1186529,1504466,697642,33558
1379047,1258429,1617772,684946,34916
1251027,1214299,1606032,685012,33360
1289758,1234149,1544468,677281,32120
1309266,1254303,1606391,754845,32986
1200109,1197541,1541959,701984,31090
1357842,1301713,1661429,693112,31958
1435066,1397062,1787636,691604,33001
1310331,1288007,1612352,748836,31796
905763,888318,1146218,505913,23652
1366998,1215163,1545280,648375,30194
1107053,1093190,1469639,619195,27220
1176224,1133970,1430583,592817,28470
1147555,1124252,1433565,629083,27673
1099728,1058324,1389826,544822,26118
1174688,1147207,1472683,585483,27347
972641,957234,1268332,494954,23528
1079701,1087393,1522349,678080,24920
1301213,1232147,1893674,1068805,28892
1180907,1150587,1803378,945642,26838
1322205,1246155,13301113,1075478,29032
1539340,1562695,4109761,1294319,32649
1736203,1593502,2356052,1151812,33744
2037280,1673286,1998412,843880,32531
1294915,1322999,1717396,627618,34063
1655319,1573454,1957029,800862,32163
1137566,1122962,1444126,521493,24521
1132786,1091892,1463626,524207,23802
1290292,1276266,1656616,613417,26577
1101923,1087961,1499880,548248,23612
1451063,1409368,1871037,668917,29219
1819717,1769565,2162310,791150,34380
1956012,1889534,2369312,862132,35411
1456819,1421011,1883753,730945,28328
1951521,1734537,2201125,904836,31380
1923380,1836921,2400522,900201,33779
1382374,1349753,1804315,633707,25135
1908685,1871720,2449055,930540,33048
1797651,1740064,2272708,862203,31891
2017113,1937234,2462079,947542,33607
1927868,1859639,2326627,804675,31380
1299129,1298082,1714009,593524,23582
1976869,1924313,2343041,839879,33226
1867263,1828068,2294349,804620,30752
1420305,1359047,1797328,591728,23887
1332577,1316354,2029782,922012,23850
1662653,1596889,2561425,1244413,28021
2086539,1990477,2926329,1520352,34692
2007208,1988822,2878509,1436240,32011
2198577,2037044,3028577,1743298,35400
1799090,1786873,2538784,1189397,29288
1535432,1554027,1971132,664653,24914
2059552,2011129,2427329,846729,30081
1568022,1509899,2030955,674926,25576
1807440,1768524,2235599,769496,28129
1731272,1665417,2326924,842209,27597
1734858,1697257,2259176,786690,27282
1701088,1670312,2279135,792392,26914
1943012,1849131,2411970,854085,28206
2147938,2067782,2647060,972549,31310
2265852,2179379,2810942,1043487,32998
2536233,2464108,3002275,1029647,38636
2567948,2497622,3051390,1034762,40427
2330807,2209401,2854042,925882,31251
2135218,2085331,2634255,882187,29328
1656203,1633007,2245872,708729,24752
2410079,2283934,2961447,1044101,31848
2374532,2293831,3203691,1004688,33212
2299456,2283144,2801604,964634,30874
2088729,2032359,2654349,906695,28447
1891812,1836396,2479044,784725,26240
1767004,1715516,2324563,783117,24794
2108418,2035179,2653515,857936,28618
1885495,1841360,2444957,735098,25085
1879016,1905187,2420846,782263,24967
1968851,1882430,2409654,739234,24843
2048562,2029442,2649343,895861,26795
2213030,2181597,3059109,1132106,27100
2455593,2367443,3096285,1021557,30351
2195013,2496717,3036135,879378,26202
2193614,1983039,2834998,1151723,24141
1938963,1974182,2616919,805655,24454
1948085,1899163,2515777,797888,24243
3124994,2762098,3485943,1125440,33385
3004379,3032084,3715109,1230171,35455
2926197,2858201,3633455,1154072,33276
7825206,4162031,4080366,1390981,32640
2888633,2741887,3436331,1156153,32587
2671027,2651915,3368965,1160123,31625
2334457,2454865,3765242,943173,28796
2730662,2626742,3307789,1055831,30533
2357617,2348633,2984550,917400,27315
2770049,2655605,3310747,1162927,30012
2466863,2437862,3166029,1016871,27720
2103999,2078562,2783437,817740,25447
2189911,2140032,2803733,845802,25185
2161479,2123852,2892728,883448,25731
1963991,1950555,2625952,785809,23571
2118060,2075585,2768188,827564,24489
2411857,2329350,3067601,942765,26412
2091743,2071238,2783232,855170,24658
2067956,2017557,2691175,766090,23138
1944577,1958597,2594998,749699,22190
1961044,1928732,2672733,757248,22554
1932475,1928459,2641723,757143,22049
2025724,2013069,2578982,749349,22068
2433460,2373260,3125806,939467,25613
2153426,2130375,2723017,810547,23392
2138683,2102264,3003862,894969,24009
2258978,2285821,2921180,887974,23973
2213990,2236199,2910938,846558,23432
2190327,2163582,2863663,828146,22840
2016980,2007471,2717266,776690,22054
2140538,2125108,2794098,817932,22559
2002920,2031889,2796848,790161,22106
2179673,2197539,2864191,817026,22538
2133328,2177933,2903250,824033,22312
2466903,2462323,3156531,946129,24749
2405117,2354918,3235867,961049,24751
2273188,2282955,3083676,922360,23617
2345104,2293690,3113404,910822,23089
2276398,2254450,2968761,871001,22960
2121105,2111562,2903106,864239,22142
2232450,2207218,3046111,831192,22386
2209593,2190986,2880077,797097,22114
2710336,2658131,3471202,999044,26472
2284054,2290134,2939723,822441,22302
2673260,2634943,3535941,1077419,26259
2472491,2428032,3323643,960410,23546
2516791,2553820,3294714,962974,24191
2517942,2492192,3222718,928895,23599
2516015,2480287,3301795,950995,24085
2762349,2743892,10173786,988406,24911
2605589,2583689,3416438,973388,24611
2318647,2350284,3134473,848640,22173
2327717,2328323,3190069,876592,22354
2666427,2579060,3489119,1033132,24255
2641780,2584498,3495829,986789,24585
2935292,2817798,3884823,1085056,26516
2523572,2564245,3433381,1028029,23926
2525049,2533425,3515087,970623,30762
2970014,2992134,4180477,1157106,27904
2459858,2427397,3184147,868066,22032
2575426,2513313,3306435,921322,23242
2511175,2524938,3392453,941074,23011
2563035,2504539,3453447,987949,22671
2558124,2533774,3469778,984026,23068
2708628,2683835,3492219,993769,23127
2537819,2582797,3333842,932709,22747
2544357,2527030,3416862,927719,22475
2545362,2532641,3498455,921951,22058
2666954,2630782,3511459,947508,22798
2700323,2677967,3611740,979585,23090
2679004,2689089,3699353,1043093,22765
2583966,2534086,3449679,959675,22415
3015650,2932369,3897744,1123021,25107
2717870,2613352,3579486,980744,23106
2607409,2611389,3346386,924821,22122
2534030,2501400,3469244,934922,22178
2705470,2692093,3709573,995330,23425
2683880,2680496,3525061,1034243,22557
2840138,2775716,3754675,1014822,22866
2797670,2735371,3875903,1076490,22863
2936218,3004870,4905096,1165226,24353
3015691,2955443,4102226,1167628,26154
2778245,2781263,3772543,1023583,23130
2761568,2733877,3752323,999069,23025
2721382,2721546,3789007,1019173,22366
2757066,2698833,3562613,956567,22065
3087980,3014497,4061843,1174422,24577
3398668,3409845,4496062,1266004,26717
2998599,2978167,4146550,1107217,23802
3082536,2864893,3897031,1063842,23001
2935964,2874275,3870081,1027790,23065
3112552,3078585,4165285,1114065,24378
2891591,2871053,3898105,1061416,23217
3327331,3337429,4259989,1123352,25141
3422563,3380836,4534648,1230898,25434
2933810,2888814,4104974,1073605,22851
2909846,2918730,3918861,1044345,22475
2961494,2930114,3904714,1043397,22935
2858162,2896033,3942537,1042041,22992
3712501,3680977,4960347,1279669,28097
3380768,3347543,4293533,1164100,24423
3103741,3193730,4364494,1139036,23224
2993363,2972138,4026845,1151683,22791
3184758,3129180,4238002,1118178,23206
3071293,3020320,4166476,1082962,22455
2944717,2945772,3967838,1040345,21967
3012256,3012501,4068024,1035924,22067
3057987,3015344,4346344,1159061,23418
3136165,3107611,4270807,1131808,23147
3102848,3106379,4589745,1990749,23210
3223252,3235710,4454616,1162307,23410
3157544,3096578,4394139,1118354,22680
3080341,3087589,4221499,1064705,22055
3115139,3088858,4238267,1067195,22691
3290486,3243334,4471177,1183070,23099
3979153,3992920,5094696,1420654,28379
5107271,4924215,6487940,1882562,33953
3234399,3216560,4136048,1087857,22144
3873836,3847778,5333773,1367830,27240
3270946,3262933,4268144,1161807,23158
3291329,3235506,4319354,1091191,22676
3196899,3159610,4622401,1184212,23052
3351274,3306976,4622943,1226096,23411
3324617,3335401,4374762,1168571,22851
3172396,3144673,4338617,1117969,22214
3284513,3269282,4248898,1088573,23014
4100362,4037227,5308414,1321512,26962
3573837,3532561,4768275,1244044,23616
3506724,3453106,4719140,1231869,23673
3502273,3433833,4585361,1173256,23043
3322577,3290522,4464065,1131612,22528
3225194,3176743,4445771,1136541,22307
3194562,3181712,4528418,1156432,22291
3333295,3308533,4419835,1142898,22184
3659778,3614775,4898169,1310150,24365
3310854,3309760,4815892,1333269,23272
3551326,3537622,4693141,1233231,22645
3377323,3298034,4612487,1208347,22717
3370684,3392770,4730574,1198820,22584
4226525,4200436,5735891,1444705,28104
3733670,3697341,5025787,1306765,24332
3417388,3388464,4903488,1263152,23010
4134381,4121883,5722962,1433391,34856
3514467,3480319,4775671,1236718,22914
3515621,3443476,4755022,1225675,22203
3489466,3472245,4575683,1168158,22194
3644710,3615734,4855071,1212696,22546
3674113,3717197,5199322,1362383,23651
4735356,3827392,5249655,1370343,25913
3655401,3604054,5068712,1289393,22744
4052061,3967831,5792566,1453739,26656
3630060,3647460,4843935,1233682,22684
4189828,4224553,5828260,1500357,26180
3912725,3855224,5291941,1338973,31151
3980487,3918974,5398243,1397741,24577
3681259,3655518,4759617,1213740,22639
3506889,3438945,4769113,1217656,22090
3539110,3518605,5856537,1295246,22932
3925191,3839765,5350668,1356103,23955
4599611,4572522,6063956,1513119,26410
3786202,3748245,5231114,1305603,23689
3858814,3848831,4916973,1276909,23618
3811081,3769383,5020007,1250612,22723
4148658,4094714,5472713,1386063,25305
3957757,3910720,5367474,1354609,23496
4466647,4421445,5703507,1565178,25139
3831595,3783621,5287734,1345674,22926
3706976,3688225,5313427,1342138,22672
3635875,3620800,4967311,1237165,22087
3753867,3690140,4907394,1215122,22002
3907445,3833333,5552247,1400269,23801
4247172,4183268,5695318,1418714,24484
4675227,4625362,6094416,1545346,25691
3752758,3774222,5256622,1299788,22835
3795986,3802535,5214704,1256084,22107
4249881,4223463,5295417,1328474,23138
4458460,4541204,5904050,1560232,26613
3966670,3959597,5405028,1368246,22591
3820741,3815816,5356494,1343173,22471
3730762,3672755,5130014,1287178,22073
3845197,3828564,5507225,1336714,22876
3891773,3866440,5379163,1309032,22501
3912264,3884387,5178639,1302767,22528
4060839,4053830,5672082,1487081,22949
3923494,3870116,5503934,1388470,23422
3812396,3849301,5440703,1345400,22485
4732486,4750981,6632735,1654359,27450
4066029,4042494,5448984,1305593,22025
4246130,4209570,6091077,1518851,23801
4605153,4625030,6159166,1540687,25612
4155318,4151090,5493713,1357852,22518
3964659,3996789,5640428,1383069,22318
4704895,4670407,6456639,1597793,26103
4156828,4138799,5684095,1397820,23379
4315735,4291741,6019595,1509531,23118
4601684,4568386,6532007,2598184,25941
4017412,4035205,5612772,1391736,24532
4425082,4325393,6059973,1487348,24118
4053352,4085302,5844445,1411680,22635
4438851,4414390,5961787,2622598,23392
4400216,4391173,6155132,1530077,23624
4186557,4130064,5797719,1438579,22481
4951289,4840363,6441689,1574587,26219
4338640,4130298,5764442,1442127,22500
4336470,4240876,6141678,2327470,23012
5301629,5089086,6531353,1629818,26944
5037327,5024108,6612115,1715506,27120
4466759,4431960,6168085,1475394,23757
4505270,4439618,6078429,1578036,24255
5095889,4956247,6539322,1708784,26077
4802879,4790746,6544928,1637551,25165
5117657,5084918,6512867,1657062,25744
4520830,4492423,6006172,1475919,23586
5455077,5387440,6920768,1815719,27182
4647783,4456576,6191393,1588030,23697
5136226,5077492,6638097,1702952,26554
4524872,4442166,6140395,1459117,22769
4275067,4258161,5863431,1406272,21997
4980261,4978603,6479147,1644191,25427
4786828,4830003,6475326,1695393,25102
5407341,5191317,6971499,1872510,26010
4377142,4315162,5948036,1419885,22146
4520004,4509719,6166256,1494778,22924
4994652,5057355,6845208,1674928,25150
4924559,4857359,6357472,1599035,24773
4463021,4416009,6383014,2609121,22881
4460257,4398740,6019006,1474882,38717
4507371,4485377,6981193,1476439,22309
4808935,4755077,6432831,1574371,23437
4734080,4671408,6428975,1531763,23637
4807927,4867197,6724714,1599777,23150
4602698,4610491,6351686,1498044,22820
4720611,4768790,6206532,1528109,23818
5485774,5416144,7118602,1767482,26440
5002006,4882645,6683468,1684427,24467
4704962,4597060,6310527,1564813,22876
4669469,4586867,6549965,1518723,22403
5316105,5292391,7136488,1712061,25246
4979730,4871128,6830298,1636545,23798
4763243,4808817,6595529,1649251,23247
4724287,4645230,6480021,1593201,30201
5604792,5607901,7354141,1788965,26761
4659225,4606974,6366857,1517955,23206
6088431,4773979,6603081,1640327,23123
5231736,5137531,7084546,1726960,24709
4670271,4687685,6477665,1599282,22299
4630383,4596239,6362590,1551013,22374
4640361,4572707,6490133,1557035,22029
4648056,4653256,6667736,1619230,22714
4784444,4752155,6684237,1670486,22643
4673278,4660303,6562396,1606259,22669
4790904,4860078,6358445,1515405,22133
5052646,4922568,6571411,1514334,22486
4850740,4841211,6901472,1742112,22786
4919871,4933102,6831353,1648421,22748
4896732,4918549,6695206,1628603,22588
4748991,4737022,6495462,1557781,22354
5835386,5756135,8629119,1870805,26165
5678797,5581567,7765838,1874355,26293
5280831,5043531,7047008,1729267,24256
5363152,5376653,7152526,1732842,24969
5663612,5630437,8009950,1909208,26292
5007419,5005021,6996436,1726240,22933
5468406,5493635,7304598,1825820,24858
5199035,5149058,6923739,1640041,30572
4790251,4815994,6458689,1547023,22107
4999796,4958853,8439371,1770062,23037
4999129,4999230,6923984,1740189,22628
4891093,4899558,6843981,1656498,22591
4799470,4758380,6342084,1515942,22055
5155957,5201374,7110233,1733054,23058
5236242,5281008,7140812,1724889,22748
5209077,5186910,7035784,1693676,23407
4694242,4668949,6988315,1681864,22181
5219498,5154235,7272525,1729902,23313
5521652,5355714,7486813,1865918,24472
6124176,6126847,8259660,1957451,26862
5073809,5004885,6944192,1609955,22347
5862494,5868777,8098009,1894977,25411
5835048,5897581,8381396,2728627,25488
5183464,5127878,7251493,1746166,22574
5672846,5627528,7890993,1822287,24659
5671984,5631538,7704539,2752754,24494
6130625,6132998,8788632,2078552,26118
5378032,5350726,7311811,1717821,22693
5325552,5254855,7375025,1713776,22836
6763262,6719411,8934221,2488959,28305
5575948,5549682,7900221,1913151,24970
5314798,5286841,7574315,1803201,23251
5292548,5213312,7094905,1674044,22401
5915244,5951098,7775247,1819261,23907
5624613,5591482,7416389,1790521,23212
5503668,5443450,7765125,1831878,23275
5356024,5397714,7175578,1686839,22613
6162054,6045148,8261073,1972539,25248
6244054,6219100,8488204,2039771,25286
5369019,5379751,7543364,1823579,22483
5328114,5288471,7243659,1658722,38573
6635408,6537735,8942460,2155763,26748
5591938,5586694,7746443,1957219,23424
5320911,5221419,7760163,1813427,22480
5399503,5364464,7429124,1719523,22298
5329869,5324540,7531949,1837140,22930
5544933,5580594,7434677,1796939,22944
5618066,5658641,7777350,1852705,23089
5364115,5349317,7353379,1707014,22111
5495527,5455193,7665407,1843951,23004
5907142,5859084,8234618,1996238,24169
6034769,5978848,8358728,2005588,24928
5471098,5391002,7605016,1774482,22446
5734345,5761115,8269497,1927813,23679
6352199,6377074,8590564,2010723,25184
5925285,5855285,7977327,1869682,23604
6294503,6247267,8576930,1956134,25219
5387840,5345689,7462536,1806999,22350
6245794,6131970,8605454,2090855,25409
6516537,6413811,8507088,2044128,25113
5372925,5318205,7587620,1778919,22422
6052321,6138405,8682159,2179137,25102
5730442,5655376,7773882,1772383,22644
5841586,6014116,8158084,1871562,23140
5593458,5573504,7874045,1828357,22073
5783595,5757994,8188290,1918079,22963
6155605,6167548,8550152,2022031,24026
5555045,5575986,7761105,1814387,22447
5657313,5600511,7768811,1853093,22642
5751329,5688008,7972452,1823288,22602
6199975,6076363,8534472,2040953,24738
5844302,5840610,7975234,1905771,22643
6551792,6485283,8463373,2000934,24927
5851957,5867921,8065438,1865379,23067
5916147,5789325,8147907,1940790,23149
5640997,5699665,7935137,1857931,22881
5809838,5779219,7739471,1760454,29263
6368040,6250026,8654251,2075733,24030
6068473,6003141,8404002,2009290,23011
5889146,5821630,8081793,1864924,22657
6430688,6432857,8936898,2064236,24295
6352742,6317834,8781790,2027915,23893
6608035,6591744,9236709,2168697,25679
5924582,5899211,7696870,1818440,22640
5709508,5767408,8186882,1842207,22122
5932530,5887469,8468443,2005947,23372
5765106,5808271,8419266,1985221,22710
6486619,6440862,8959295,2074578,24813
6674842,6533944,9391787,2193229,24885
5987811,6010670,8610792,2016781,22958
6489664,6472304,8772298,2028790,24313
5928091,5915857,8251281,1896525,22281
5843899,5834073,8878912,1886649,22502
6158523,6166662,8636546,2041826,23717
6696802,6542915,8980146,2112743,24584
5997912,5977298,8332420,1956689,22973
6808426,6782820,9374493,2207569,25854
6027973,6002487,8563103,2029275,22805
6130699,6131528,8534323,2004849,22911
5839631,5802928,8338959,1952566,22203
6523518,6511027,9034456,2100910,24501
6558939,6617692,9641739,2342038,26272
6153621,5944884,8620769,2003088,22613
6295313,6309413,8789578,2076342,23663
6151132,6124185,8711414,2003738,22851
6377881,6345121,8561030,1978497,22853
6390171,6436852,8500813,2026918,23085
5928671,5890053,8536127,1914943,22088
6511661,6562749,8557211,1965228,23431
6313393,6325978,9178346,2127584,23230
6802624,6231855,9149425,2166708,23587
6387152,6245116,8465913,1900508,29824
6189385,6210707,8532319,1963126,22508
7215983,7281726,10227726,2371786,26504
6473440,6438209,8893678,2043121,23298
6101152,6086613,8478957,1913641,22267
6147673,6153069,8753402,2010515,22283
6275041,6263658,8893466,2061798,22615
6283421,6247811,8874412,2028437,22458
6255481,6263353,8601571,1963258,22289
6200711,6184846,8647121,2001204,22163
6483257,6460348,9276627,2157405,23405
6267636,6315932,8558725,2013676,22633
6195114,6189220,8771077,2436792,22016
6904797,6846155,9339483,2093325,24074
6845728,6838548,9698861,2288566,24425
6672174,6646477,9709028,2279927,24815
6362163,6385392,9208069,2124676,22273
6956258,6974331,9400853,2190616,24670
7060686,7045007,10112165,2320905,24582
7536032,7567442,10170567,2420286,26295
6946520,7043920,9548550,2232993,24526
6633540,6645349,9111271,2072961,23351
6896977,7002959,9450576,2258637,24045
6456110,6395046,8884939,2062237,22816
6933786,6880405,9839199,2223393,24950
7334715,7325233,10884463,2396545,25502
6564902,6557389,8955197,2096317,22595
6480272,6510388,9041466,1976554,21972
6511131,6551669,9041732,2036396,22360
6640383,6635598,9047200,2114973,22959
6730320,6790029,9441394,2230004,23501
6648341,6554314,9302489,2121078,22485
6452748,6433998,9087312,2096706,22412
6668468,6572386,10040708,2159813,23270
6911828,6898676,9552926,2194103,22854
6439067,6441719,9071075,2083303,22564
6802337,6783353,9886358,2231465,23946
7584416,7403593,10310839,2408859,25973
6861804,6850867,9291993,2153615,22891
6590276,6492046,9381675,2102682,22008
7019418,7045023,9839463,2248031,23832
6892929,6954144,9733072,2231725,22778
7333200,7271168,10142766,2310421,24614
7610481,7528099,10018960,2321895,25229
6735801,6749671,9099998,2131003,22470
7115479,7027258,9854988,2360476,23576
6683922,6727842,9169854,2102481,22223
6921327,6766598,9175645,2138201,22915
7257369,7211862,10633194,2242499,23659
6808510,6760676,9375888,2251588,22567
6971516,6981548,9057611,2061885,29452
7878154,7895735,10766209,2548365,25790
7571542,7578776,10187041,2417487,24583
6731687,6790527,9246895,2089797,22264
6785994,6952508,9800893,2255018,22658
6802545,6791557,9379932,2117923,22238
6553420,6624489,9295758,2123637,22023
7152695,7088656,9816593,2287888,23311
7744861,7700260,9913588,2276472,24878
7657823,7670412,10778814,2507567,24286
7113799,7227536,9690664,2231572,23512
6933617,6846558,9993416,2305408,23029
6838293,6835879,9138336,2123270,22159
7569212,7667514,10556983,2389234,24768
7146973,7150451,9988224,2265396,23656
6855977,6895418,9866644,2232357,22422
7507877,7463471,10362000,2375465,23715
7223371,7248121,10178607,2311414,23092
7000660,6979760,10124751,2262708,35062
7427416,7341466,10439165,2443023,24367
7194139,7193717,10063694,2279261,23479
7429133,7395775,10258078,2339917,23602
7984608,7934585,10633216,2449245,24722
7377736,7364833,12745196,2411991,23439
7567465,7461675,10945106,2487779,23638
8325715,8255073,11775295,2732930,26086
7652580,7418830,10262693,2304539,23489
7889457,7921035,10701343,2478694,25666
7466374,7469798,10628907,2447584,24048
7902115,7830513,11020390,2511974,24898
7277733,7192065,10012485,2279297,22636
7457602,7376419,10909818,2458146,23553
7335232,7334714,10257015,2377577,23514
7617792,7701775,10735237,2495576,24986
8702206,8605530,11443517,2543112,25184
7764409,7730429,10729390,2449965,24044
7265893,7214910,11238259,2343920,22858
7926439,7862524,10752578,2470698,31583
7831609,7769452,11065536,2471401,24379
7704578,7703089,10600540,2492677,24131
7618006,7667678,10290170,2383820,23299
7590447,7575394,10609994,2352989,23602
7664132,7739541,10657944,2424911,23922
7641194,7636756,10667119,2431404,23336
7425319,7446317,10255013,2307441,22790
7694302,7691618,10230928,2319344,22730
7825839,7833537,10604211,2389409,23138
7268099,7289319,10393627,2330072,22350
7683027,7623247,10429499,2413974,22903
7842865,7807790,11027405,2551980,23228
8615773,8613781,13590191,2687950,25813
7542814,7556093,10614420,2462583,23654
7790461,7768462,11041707,2571188,24031
7891796,7903338,10909315,2403006,23215
7277227,7297630,10460837,2386141,22424
7402782,7373543,10323227,2340165,22573
8409236,8482408,11974282,2663282,25326
7513605,7529318,10686300,2351692,22454
7533859,7464531,10582085,2392494,22451
7398421,7354486,10200681,2269471,22159
8186340,8281744,11210107,2520509,23950
7514710,7501113,10857902,2433284,23028
7969259,7975361,10912523,2436562,23753
7907034,7888045,11027522,2504680,23899
8243013,8233088,11686048,2688321,24811
7420704,7425809,10556631,2371395,22782
9922851,9870425,13013161,2998105,28026
7623048,7598805,10809638,2523782,22933
7537301,7466524,10407338,2337206,22213
7945437,7942353,10759011,2478503,23237
8127748,8061096,11272294,2554583,23656
8010696,7997950,11334677,2457337,22936
7622468,7581396,10489506,2384540,22341
8001758,8001970,11300039,2595440,23129
8321055,8446679,11571808,2625695,24500
8248939,8360632,11739610,2716699,24684
8273866,8191037,11516822,2566781,23241
7666025,7713787,10249859,2281440,22064
8685289,8641203,11934960,2634994,24225
7637870,7654009,11881421,2468756,22541
8059375,8145619,11398981,2549774,23956
8692462,8585624,13079511,2787657,25042
8411659,8368434,11346448,2590861,24250
8150669,8157202,11213787,2495555,23357
8329228,8328662,11707859,2687030,24874
7998365,7872558,11482920,2660609,23795
8076940,8083627,11119206,2460802,23028
10220816,10147015,13216868,3092818,28539
8321866,8280172,11238211,2558077,24087
7612932,7540194,11807781,2403424,22316
8581145,8682300,12327339,2867182,25406
8989551,8909472,12802230,2908530,25183
8769243,8773326,12131745,3552863,24882
8123748,8040770,12349239,2650679,23655
8430386,8442012,12104219,2737169,24044
8745326,8715127,11776865,2657023,24441
8453539,8399582,11784193,2663029,24571
8644500,8702520,11663186,2635186,23424
7655079,7606233,11181597,2435544,21981
8793821,8685502,12235948,2849667,25086
8934185,11343015,12189598,2747895,24203
7873375,7776042,10995750,2466848,22180
8564500,8586502,13151900,2824337,24900
9627656,9615873,13127231,2922752,26542
7850582,7843149,11188469,2455934,22132
8285185,8258961,11626179,2568716,23000
8758044,8756973,12296234,2831105,24134
8730547,8710192,12359751,2785360,24807
8276182,8268832,11143947,2482371,22608
8003575,7929024,11841512,2646535,22423
8720746,8683674,13701403,2857926,24716
8525549,8507968,11740485,2606580,23421
9618226,9810238,12758875,2925691,25742
8311172,8320807,11287004,2493834,23141
8796124,8703839,12180724,2721695,24119
8845053,8800720,12613398,2792510,24224
7958361,8003054,11417081,2536336,22192
9199703,9105021,12793510,2929075,25319
9422579,9511856,12681195,2882795,25247
8924982,8935133,12433472,2752674,24712
9308611,9200696,12341757,2769190,24475
9274362,9294558,12462158,2667407,24882
8471550,8434163,11389790,2555383,22582
8631196,8579306,11835571,2685590,23266
8754347,8754353,11764756,2672119,23140
8140315,8154602,12480237,2676352,23394
8900462,8877113,12561789,2836918,24238
8761686,8689220,11886676,2663263,22836
8938103,8905113,12627330,2821602,24503
8606647,8540904,11978052,2657247,22914
8517285,8556644,12359257,2799685,23353
7978745,7974427,11684653,2602836,22446
8447526,8451389,11643319,2765950,23194
9011442,8975182,12420520,2781376,31785
8651372,8551648,13138225,2740965,23182
8662475,8712146,12137376,2654461,22595
8523462,8481059,11820786,2635265,22475
8853031,8871184,12169495,2756680,24229
8380636,8385189,11944128,2667056,22548
8389956,8379850,11726826,2636686,22505
8693232,8681917,11513285,2497027,22107
8607054,8517354,12022657,2734714,23036
8862572,8884883,12309827,2754399,23423
8258938,8248957,11648552,2566232,22341
8318458,8388969,12205956,2735003,22574
8394493,8471162,11757015,2629738,22718
8552872,8533541,11885413,3518227,22408
8587881,8488189,12340683,2832428,22832
11280600,8826172,12492523,2745109,22877
9242112,9197371,12563353,2784101,24401
9311661,9210704,13190756,2880007,23707
9579067,9558786,13168250,2923221,25046
8910726,8775590,11789221,2577306,22642
10348460,9342435,12765194,2932027,24301
9159860,9222501,12817865,2889642,24244
8407448,8468413,11847157,2623545,22440
8590750,8701100,12575956,2906890,23614
8521590,8516487,12514190,2797236,29915
9669925,9635949,13250482,2902509,24314
9358738,9454237,13639010,2933747,23410
8728903,8769503,12381012,2770297,22710
8819984,8747073,12017874,2671503,22484
10135653,10135314,13820630,3093618,26207
9789303,9727637,13113448,2925606,24593
10093350,10121448,14069703,3095638,25973
9123946,8980809,13003602,2954900,23198
8635139,8628728,12668457,2774009,22430
8959293,8985283,12084131,2658441,22177
9379729,9272711,13162901,2925361,23194
10049909,9977820,13903963,3125738,26163
8967457,9034861,12188367,2769981,22981
9652929,9613644,13648825,3148429,24052
9421417,9411429,12925540,2773746,23041
8684927,8681597,12119321,2642457,22496
9353091,9382792,12903807,2918665,23953
9774136,9720145,13630320,3130639,25138
9042105,9128913,12475245,2744691,22700
9549528,9503946,13546211,2976681,24442
8721290,8618425,12344072,2772613,23118
8591443,8607129,12224468,2717935,22326
9638556,9722946,13650362,3075805,24958
8861553,8784691,12636276,2808265,22429
8762264,8799991,12550792,2753037,22183
8950778,9030515,12708356,2835413,34236
9126919,9040539,12577421,2794685,22654
8787129,8796684,12344018,2723792,22364
9797830,9667921,12982769,2846221,23357
9553580,9539373,13470753,2953932,23306
9778325,9745491,13947317,3069314,24273
9821057,9821840,13943123,3110715,24247
9143450,9111674,12864264,2916742,22496
8928830,8987911,12726971,2786052,22198
9351034,9348959,13415851,2969212,23570
9416357,9326064,13908832,3116585,23274
8788189,8757518,12370869,2688529,22122
9466297,9562938,13540186,3010648,23460
9255820,9226343,13210834,2906019,22925
9188924,9292295,13258552,2713041,22340
9684313,9740049,13854172,3071150,30652
10797579,10585324,14550813,3313338,26730
10502807,10537636,14383345,3198539,35994
10615832,10719201,14388389,3151188,25279
9359778,9342662,13199651,2884084,22908
9183988,9225177,12891249,2798041,22270
9722983,9735396,13073892,2958277,24253
10311874,10312559,14175231,3018641,24568
9209910,9189552,13239189,2900173,22697
9785506,9760351,13443101,3006624,23153
9220749,9293045,13314922,2913765,22588
9108338,9100973,12717456,2806013,22292
9319312,9308145,13524491,3068997,23339
13793734,13565038,17477593,4271556,35831
16231360,16286764,19850750,5397384,36747
13037095,13171234,16920880,3986824,29229
10221992,10146816,13786015,3168011,25290
10615745,10618141,14441816,3234282,25214
9783847,9773742,13422825,2938962,23500
10275173,10291891,13962312,3100918,23557
9339004,9355020,13159929,2843294,22361
11147398,11009619,15530635,3508989,26457
9883508,9923217,14334500,3037910,23625
10013878,9914821,14362492,3166202,24299
9792624,9802010,14194995,3256043,23527
9415144,9418038,13107355,2886671,23508
9767227,9737417,13938909,2927014,22971
9940780,9852881,14343339,3280548,24444
10149136,10157744,13468383,2936941,30698
10005079,10049531,14141233,3080786,23915
10738762,10591747,14147874,3267331,24785
9595772,9565079,13000510,2848339,22222
11161338,11116835,15517210,3373134,25373
9481879,9447276,12866260,2812176,22240
10277062,10196119,14123804,3094952,66158
10110967,10090140,13890495,3013030,23298
10464734,10417601,14888409,3343608,24706
10363889,10405020,13813382,3002944,23729
9700791,9631508,13921519,3091897,23023
9235879,9173215,13668432,2967255,22303
9991583,9980052,14172504,3063818,23050
10390674,10470940,14639005,3231180,24349
10883820,10931895,14517505,3202371,32396
10301782,10350192,14396027,3246824,24239
10375892,10561532,14531882,3176532,23627
10233551,10222713,14068579,3137094,23903
9869814,9982565,14155920,3141661,23261
10830685,10708688,15223499,3400506,24617
10919849,10915646,14705781,3258611,24977
10378008,10290113,14308684,3171491,23595
10246606,10290173,14309215,3100053,23168
10577543,10500557,14336245,3138540,24038
9648473,9648317,13760458,2909888,22309
10173004,10088974,14500175,3210664,23094
12469769,10441382,14394260,3125001,23773
10611835,10713679,14749673,3237764,23777
10633650,10524273,14490936,3182795,23883
10425114,10487864,14575646,3190030,23364
9692367,9694514,14158499,3109490,22316
10585362,10526563,14641660,3322453,23485
10488849,10508085,14779415,3274283,23537
10401698,10443081,15570051,3222173,23526
9880708,9847187,13459754,2903341,22404
11133534,11129057,15595065,3332224,24360
9765360,9757811,13743193,3019886,22349
10752136,10717662,15014250,3354989,24466
9752169,9779458,13705394,3013693,22282
11700018,11513562,15875995,3561058,25610
11183276,11116809,17902752,3512951,32258
10325638,10253847,14890766,3324137,23222
10995901,11042690,15552153,3470318,24896
10752520,10742882,14344925,3200308,23456
10525102,10560145,15411242,3417206,24577
11172009,11107436,15584187,3540558,24306
9721482,9739109,13707349,3009982,22199
10805339,10828998,14355349,3187743,23396
10821419,10811797,15201288,3357215,24188
10725079,10569487,15069313,3282807,23262
10068346,10009449,14186713,3189926,22578
10764281,10759837,15393293,3488417,24523
10264649,10285230,14641651,3196532,22564
11508456,11510584,15413686,3362447,24408
10654174,10693115,14487582,3105130,22520
10537648,10463427,15494139,3458835,23265
10352566,10275762,14527607,3216277,22541
10653308,10786655,17668844,3374768,24007
9955577,9993198,14092838,3159287,23218
10783946,10763407,15984812,3529972,23872
10669429,10721987,14654013,3169494,22891
10777390,10706989,14704162,3257350,31529
10201041,10107702,14376409,3156810,22941
10859960,11067702,15008424,3331537,23968
10292546,10245429,14492902,3229678,22848
10572355,10505997,14642257,3266545,23072
10504359,10468728,14080511,3057807,22449
10600849,10577482,14939864,3407477,23391
10423563,10382207,14370158,3121337,22678
12382658,12291819,16637030,3747103,33196
11001968,11049881,15829756,3460836,24587
11499430,11533824,15535854,3345118,24264
10503397,10390372,14851379,3278124,23163
11132735,11166927,15821316,3531350,24298
10534323,10647067,15772691,3235941,22779
10791122,10965413,15758968,3261854,22753
10877660,10853558,14955320,3347664,23678
11197700,11110174,16171903,3569512,24555
10606509,10722661,15030235,3374839,23064
10944751,11014469,15463613,3466664,24320
10248299,10306941,14686549,3272398,22723
11586785,11651340,16797300,3681241,25004
10187974,10131142,14934134,3286667,22774
11028484,10932277,15582402,3451987,22999
10649932,10483789,14990971,3301737,22462
10760003,10735521,15227327,3417267,23289
10192174,10236021,14391920,3248836,22489
11343331,11194332,15482236,3425078,23746
10528892,10550791,15694642,3220778,22464
11684751,11648677,16441015,3693883,24524
10486334,10549199,15084685,3322626,22942
11053189,11040475,15188838,3308154,22616
11582777,11616443,16451021,3603181,24779
12000532,11936270,15631825,3325360,24397
10452237,10449056,15078768,3319745,22509
10503592,10690704,15003606,3235048,22863
10186837,10112708,14798884,3286650,22438
11147159,11081652,15821241,3441352,22453
10739744,10705970,15388711,3327512,22433
10815669,10761562,15051029,3319060,22864
10631313,10998039,15583954,3162595,22448
11251695,11210238,16658733,3568820,23176
10695520,10741927,15410487,3325081,22717
11214660,11238204,15263114,3335665,23686
10763796,10751359,15291495,3328232,23125
11250807,11226910,15910689,3480983,23804
11914225,11827817,16360646,3616423,31789
11597347,11535018,17113785,3621134,24050
10608265,10515609,15252805,3264867,22258
11546493,11519780,16084787,3581143,24708
13493827,13365654,18361410,4063775,28177
13223427,13050939,18227840,3893287,25903
11057677,11081535,15988148,3468373,22844
11165955,11179894,15681465,3420873,23116
11303009,11350651,15855224,3447336,23498
11516070,11529747,16297292,3525457,23363
11591078,11585568,15748158,3431297,23860
11049287,10999782,16307396,3572019,23238
10776158,10744187,15503119,3353655,34302
11497338,11391022,16370249,3602637,24022
11155260,11127736,15228185,3276564,22428
11753816,11806079,16696490,3695357,24469
11559057,11567248,15350616,3412349,23482
11779209,11654516,16398697,3565063,23555
12090596,12014870,16782621,3706404,24255
11218621,10853520,15514115,3423060,22665
10555375,10552510,15287869,3424925,22617
11536168,11523767,16034755,3580561,23651
11226067,11196724,15752547,3490672,23212
11135751,11105051,16220972,4438766,23593
11490393,11438749,16621116,3488221,22934
12248484,12151322,17873693,3697341,31546
11622262,11565229,16413427,3662175,24311
11349342,11301524,16516751,3592799,22766
11419586,11498122,15775416,3405436,30613
13021829,11436960,16516707,3559123,23086
11040585,11109695,15946341,3472684,23106
11907429,11858945,16752703,3625957,23697
11627313,11602605,16135944,3601937,23868
10704577,10716889,15713141,3453179,22642
11124872,11162562,15846162,3398098,33989
11136124,11123025,15411745,3401873,22554
11314905,11340180,16137921,3508739,23103
12436103,12494007,17126287,3687631,31412
12056364,12057213,16147438,3588462,38694
12198399,12236975,16815082,3736949,24140
11507019,11568256,16240154,5676460,23220
12007637,12131340,17702420,3764755,24714
12195104,12192041,17115315,3770557,24545
12186974,12238266,17059107,3642923,23638
11615814,11670112,16315016,3514066,22437
11032052,11155723,15773784,3441295,22285
11594348,11563282,16191936,3428011,22396
11881308,11761596,17001334,3735552,23937
11204609,11092133,16023279,3502390,22531
12088900,12157945,16800632,3659112,23627
12512992,12497309,17225142,3719852,24502
11692665,11690302,15900856,3444270,22836
11488315,11450449,15849060,3490733,24216
11770228,11697297,16518238,3629689,23027
12254643,12329562,17214983,3749818,23598
12140501,12002981,16522978,3617923,23816
12035120,11990569,16726558,3597799,22843
12420826,12504958,17727495,3862136,23805
12411044,12496068,17221122,3702193,24521
11751374,11731717,15858257,3417692,22795
12136032,11988936,16829542,3675358,23465
11462418,11544291,16116339,3573231,22751
11717850,11717115,17298026,3821236,23907
12192584,12288083,16580374,3605718,22759
12549814,12505104,16977573,3679702,24130
12260319,12264183,17731104,3683328,23395
11330518,11394839,16266288,3522689,22547
11639344,11519687,16603216,3663224,22854
12450015,12434383,17033748,3622265,23787
12765684,12717855,17406859,3746690,23845
11410561,11462290,16257923,3499122,29669
11545595,11626758,16836951,3645479,22699
11823243,11844590,15934743,3474263,22720
11588229,11548080,16732342,3621814,36555
11613807,11555761,16479146,3577994,22683
11910667,11941148,16707889,3644277,22714
11622846,11507951,16552657,3546440,22582
12064771,12033270,17265901,3753266,23381
11758068,11752627,16994840,3528228,22270
12160862,12173732,17038469,3579205,22509
12311881,12096051,17202858,3681523,22748
12853711,12797534,17835886,3972856,24769
12069245,12019379,17047471,3631788,22663
12230084,12205849,16833649,3636743,22716
11964178,11943190,16307682,3557932,22612
11984269,11971311,17298437,3777215,22667
12163335,12187531,16811328,3658384,29936
12077843,12147824,17112510,3639750,22621
12305779,12357347,16648391,3603048,23320
12014267,11961313,16878174,3767451,23008
12828478,12849878,18311159,3983701,24441
12546032,12483750,17575097,3765039,23542
11721852,11588359,17027134,3686611,22984
12833105,12896608,18539119,3998405,24616
11742821,11788551,16625258,3573974,22311
11794246,11727036,17047419,3684961,22411
13059228,13042623,18563514,4118340,25955
12464388,12348283,18288262,3826543,23254
12432534,12431626,16678638,3633605,24131
11776690,11793728,16831697,3698721,23483
12033340,11984625,16921373,3703456,23267
11860856,11792581,18022234,3720459,22423
11976232,11980745,17354235,3723321,22498
12057878,12059741,17068714,3734446,22483
11820913,11856768,17256009,3795847,22305
11965335,11950506,17222879,3734607,22344
11744252,11692198,17146572,3697255,22343
12231656,12227968,17058879,3624604,22661
12733313,12743432,17555862,3803483,23429
13162652,13085168,18379196,4094684,25268
13106384,13033341,17562760,3763771,23387
12874111,13009127,17308168,3803720,23259
